38
40
75
76
79
80
83
88
93
94
120
179
180
181
182
183
184
185
186
187
188
189
190
191
193
195
199
204
206
208
211
212
218
219
220
224
287
291
292
294
297
298
299
303
305
308
310
312
314
316
318
325
330
331
341
342
378
420
973
986
990
997
998
1013
1014
1160
1164
1205
1209
1212
1214
1217
1223
1226
1228
1231
1235
1238
1242
1245
1247
1250
1252
1255
1257
1260
1262
1265
1271
1274
1276
1279
1281
1284
1286
1289
1291
1294
1296
1299
1301
1304
1306
1309
1311
1314
1362
1365
1385
1388
1390
1393
1395
1398
1400
1403
1411
1414
1416
1419
1421
1424
1426
1429
1441
1450
1451
