15
16
17
18
19
28
29
30
31
32
33
34
35
36
38
40
69
70
71
72
73
74
75
76
77
78
79
80
81
82
83
84
85
86
87
88
89
90
91
92
93
94
95
98
99
100
101
102
103
104
105
106
107
108
109
110
111
120
122
123
124
125
126
127
128
129
130
131
132
133
134
157
158
159
160
161
179
180
181
182
183
184
185
186
187
188
189
190
191
193
194
195
196
197
198
199
200
201
202
204
205
206
207
208
209
210
211
212
218
219
220
224
225
226
227
228
229
230
232
233
234
235
236
237
238
239
240
241
242
243
244
245
246
247
248
249
250
251
252
253
254
255
256
257
258
259
260
263
264
265
266
267
268
269
270
272
273
274
275
276
278
282
283
284
285
286
287
288
289
290
291
292
293
294
296
297
298
299
300
302
303
304
305
306
307
308
310
312
314
316
318
325
329
330
331
337
341
342
347
349
350
351
352
353
354
355
365
366
367
369
370
373
374
378
384
385
386
392
393
394
395
396
420
432
434
435
436
437
438
439
440
443
444
445
447
448
449
478
497
498
500
502
504
512
514
516
517
518
519
520
521
522
527
528
532
533
536
537
538
545
546
551
552
553
554
555
556
557
558
559
605
606
607
608
609
610
611
612
613
615
616
617
618
619
620
621
637
638
639
640
641
642
643
644
645
646
647
649
650
652
653
654
655
656
657
658
661
662
665
667
668
669
670
672
673
674
675
677
678
679
680
682
683
684
685
686
687
688
689
690
692
693
695
696
698
699
701
702
704
706
708
710
712
714
716
717
718
719
720
721
722
723
724
725
726
727
728
729
730
731
732
733
734
735
736
737
738
740
742
743
744
745
747
749
751
753
754
755
756
757
758
759
760
762
764
765
766
767
838
840
842
843
844
846
847
848
850
851
852
853
854
856
857
858
859
860
861
862
866
867
868
869
870
872
873
874
875
876
878
879
881
882
883
884
885
886
887
888
892
893
904
906
907
908
909
910
911
912
913
914
915
916
917
918
919
920
923
924
925
926
932
934
936
937
938
939
941
943
944
945
946
947
948
949
950
951
952
953
954
955
956
957
958
959
960
961
962
963
964
965
968
969
970
971
972
973
977
978
980
981
982
983
984
986
988
989
990
991
992
993
994
997
998
999
1000
1001
1002
1003
1004
1005
1006
1007
1010
1011
1012
1013
1014
1016
1018
1020
1160
1164
1205
1207
1209
1210
1212
1213
1214
1217
1223
1226
1228
1231
1235
1238
1242
1245
1247
1250
1252
1255
1257
1260
1262
1265
1271
1274
1276
1279
1281
1284
1286
1289
1291
1294
1296
1299
1301
1304
1306
1309
1311
1314
1342
1353
1358
1362
1365
1385
1388
1390
1393
1394
1395
1396
1398
1399
1400
1401
1403
1404
1406
1408
1410
1411
1412
1414
1416
1419
1421
1424
1426
1429
1431
1435
1436
1437
1439
1441
1450
1451
